800
2 24 23 1 81 80 -1 2 -1
23 24 81 81 82 83 1 41 3
23 81 22 83 84 79 2 4 -1
22 81 82 84 85 86 3 43 5
22 82 21 86 87 78 4 6 -1
21 82 83 87 88 89 5 45 7
21 83 20 89 90 77 6 8 -1
20 83 84 90 91 92 7 47 9
20 84 19 92 93 76 8 10 -1
19 84 85 93 94 95 9 49 11
19 85 18 95 96 75 10 12 -1
18 85 86 96 97 98 11 51 13
18 86 17 98 99 74 12 14 -1
17 86 87 99 100 101 13 53 15
17 87 16 101 102 73 14 16 -1
16 87 88 102 103 104 15 55 17
16 88 15 104 105 72 16 18 -1
15 88 89 105 106 107 17 57 19
15 89 14 107 108 71 18 20 -1
14 89 90 108 109 110 19 59 21
14 90 13 110 111 70 20 22 -1
13 90 91 111 112 113 21 61 23
13 91 12 113 114 69 22 24 -1
12 91 92 114 115 116 23 63 25
12 92 11 116 117 68 24 26 -1
11 92 93 117 118 119 25 65 27
11 93 10 119 120 67 26 28 -1
10 93 94 120 121 122 27 67 29
10 94 9 122 123 66 28 30 -1
9 94 95 123 124 125 29 69 31
9 95 8 125 126 65 30 32 -1
8 95 96 126 127 128 31 71 33
8 96 7 128 129 64 32 34 -1
7 96 97 129 130 131 33 73 35
7 97 6 131 132 63 34 36 -1
6 97 98 132 133 134 35 75 37
6 98 5 134 135 62 36 38 -1
5 98 99 135 136 137 37 77 39
5 99 1 137 138 61 38 40 -1
1 99 80 138 139 60 39 79 -1
24 25 81 2 140 82 -1 42 2
81 25 100 140 141 142 41 81 43
81 100 82 142 143 85 42 44 4
82 100 101 143 144 145 43 83 45
82 101 83 145 146 88 44 46 6
83 101 102 146 147 148 45 85 47
83 102 84 148 149 91 46 48 8
84 102 103 149 150 151 47 87 49
84 103 85 151 152 94 48 50 10
85 103 104 152 153 154 49 89 51
85 104 86 154 155 97 50 52 12
86 104 105 155 156 157 51 91 53
86 105 87 157 158 100 52 54 14
87 105 106 158 159 160 53 93 55
87 106 88 160 161 103 54 56 16
88 106 107 161 162 163 55 95 57
88 107 89 163 164 106 56 58 18
89 107 108 164 165 166 57 97 59
89 108 90 166 167 109 58 60 20
90 108 109 167 168 169 59 99 61
90 109 91 169 170 112 60 62 22
91 109 110 170 171 172 61 101 63
91 110 92 172 173 115 62 64 24
92 110 111 173 174 175 63 103 65
92 111 93 175 176 118 64 66 26
93 111 112 176 177 178 65 105 67
93 112 94 178 179 121 66 68 28
94 112 113 179 180 181 67 107 69
94 113 95 181 182 124 68 70 30
95 113 114 182 183 184 69 109 71
95 114 96 184 185 127 70 72 32
96 114 115 185 186 187 71 111 73
96 115 97 187 188 130 72 74 34
97 115 116 188 189 190 73 113 75
97 116 98 190 191 133 74 76 36
98 116 117 191 192 193 75 115 77
98 117 99 193 194 136 76 78 38
99 117 118 194 195 196 77 117 79
99 118 80 196 197 139 78 80 40
80 118 79 197 198 59 79 119 -1
25 26 100 3 199 141 -1 82 42
100 26 119 199 200 201 81 121 83
100 119 101 201 202 144 82 84 44
101 119 120 202 203 204 83 123 85
101 120 102 204 205 147 84 86 46
102 120 121 205 206 207 85 125 87
102 121 103 207 208 150 86 88 48
103 121 122 208 209 210 87 127 89
103 122 104 210 211 153 88 90 50
104 122 123 211 212 213 89 129 91
104 123 105 213 214 156 90 92 52
105 123 124 214 215 216 91 131 93
105 124 106 216 217 159 92 94 54
106 124 125 217 218 219 93 133 95
106 125 107 219 220 162 94 96 56
107 125 126 220 221 222 95 135 97
107 126 108 222 223 165 96 98 58
108 126 127 223 224 225 97 137 99
108 127 109 225 226 168 98 100 60
109 127 128 226 227 228 99 139 101
109 128 110 228 229 171 100 102 62
110 128 129 229 230 231 101 141 103
110 129 111 231 232 174 102 104 64
111 129 130 232 233 234 103 143 105
111 130 112 234 235 177 104 106 66
112 130 131 235 236 237 105 145 107
112 131 113 237 238 180 106 108 68
113 131 132 238 239 240 107 147 109
113 132 114 240 241 183 108 110 70
114 132 133 241 242 243 109 149 111
114 133 115 243 244 186 110 112 72
115 133 134 244 245 246 111 151 113
115 134 116 246 247 189 112 114 74
116 134 135 247 248 249 113 153 115
116 135 117 249 250 192 114 116 76
117 135 136 250 251 252 115 155 117
117 136 118 252 253 195 116 118 78
118 136 137 253 254 255 117 157 119
118 137 79 255 256 198 118 120 80
79 137 78 256 257 58 119 159 -1
26 27 119 4 258 200 -1 122 82
119 27 138 258 259 260 121 161 123
119 138 120 260 261 203 122 124 84
120 138 139 261 262 263 123 163 125
120 139 121 263 264 206 124 126 86
121 139 140 264 265 266 125 165 127
121 140 122 266 267 209 126 128 88
122 140 141 267 268 269 127 167 129
122 141 123 269 270 212 128 130 90
123 141 142 270 271 272 129 169 131
123 142 124 272 273 215 130 132 92
124 142 143 273 274 275 131 171 133
124 143 125 275 276 218 132 134 94
125 143 144 276 277 278 133 173 135
125 144 126 278 279 221 134 136 96
126 144 145 279 280 281 135 175 137
126 145 127 281 282 224 136 138 98
127 145 146 282 283 284 137 177 139
127 146 128 284 285 227 138 140 100
128 146 147 285 286 287 139 179 141
128 147 129 287 288 230 140 142 102
129 147 148 288 289 290 141 181 143
129 148 130 290 291 233 142 144 104
130 148 149 291 292 293 143 183 145
130 149 131 293 294 236 144 146 106
131 149 150 294 295 296 145 185 147
131 150 132 296 297 239 146 148 108
132 150 151 297 298 299 147 187 149
132 151 133 299 300 242 148 150 110
133 151 152 300 301 302 149 189 151
133 152 134 302 303 245 150 152 112
134 152 153 303 304 305 151 191 153
134 153 135 305 306 248 152 154 114
135 153 154 306 307 308 153 193 155
135 154 136 308 309 251 154 156 116
136 154 155 309 310 311 155 195 157
136 155 137 311 312 254 156 158 118
137 155 156 312 313 314 157 197 159
137 156 78 314 315 257 158 160 120
78 156 77 315 316 57 159 199 -1
27 28 138 5 317 259 -1 162 122
138 28 157 317 318 319 161 201 163
138 157 139 319 320 262 162 164 124
139 157 158 320 321 322 163 203 165
139 158 140 322 323 265 164 166 126
140 158 159 323 324 325 165 205 167
140 159 141 325 326 268 166 168 128
141 159 160 326 327 328 167 207 169
141 160 142 328 329 271 168 170 130
142 160 161 329 330 331 169 209 171
142 161 143 331 332 274 170 172 132
143 161 162 332 333 334 171 211 173
143 162 144 334 335 277 172 174 134
144 162 163 335 336 337 173 213 175
144 163 145 337 338 280 174 176 136
145 163 164 338 339 340 175 215 177
145 164 146 340 341 283 176 178 138
146 164 165 341 342 343 177 217 179
146 165 147 343 344 286 178 180 140
147 165 166 344 345 346 179 219 181
147 166 148 346 347 289 180 182 142
148 166 167 347 348 349 181 221 183
148 167 149 349 350 292 182 184 144
149 167 168 350 351 352 183 223 185
149 168 150 352 353 295 184 186 146
150 168 169 353 354 355 185 225 187
150 169 151 355 356 298 186 188 148
151 169 170 356 357 358 187 227 189
151 170 152 358 359 301 188 190 150
152 170 171 359 360 361 189 229 191
152 171 153 361 362 304 190 192 152
153 171 172 362 363 364 191 231 193
153 172 154 364 365 307 192 194 154
154 172 173 365 366 367 193 233 195
154 173 155 367 368 310 194 196 156
155 173 174 368 369 370 195 235 197
155 174 156 370 371 313 196 198 158
156 174 175 371 372 373 197 237 199
156 175 77 373 374 316 198 200 160
77 175 76 374 375 56 199 239 -1
28 29 157 6 376 318 -1 202 162
157 29 176 376 377 378 201 241 203
157 176 158 378 379 321 202 204 164
158 176 177 379 380 381 203 243 205
158 177 159 381 382 324 204 206 166
159 177 178 382 383 384 205 245 207
159 178 160 384 385 327 206 208 168
160 178 179 385 386 387 207 247 209
160 179 161 387 388 330 208 210 170
161 179 180 388 389 390 209 249 211
161 180 162 390 391 333 210 212 172
162 180 181 391 392 393 211 251 213
162 181 163 393 394 336 212 214 174
163 181 182 394 395 396 213 253 215
163 182 164 396 397 339 214 216 176
164 182 183 397 398 399 215 255 217
164 183 165 399 400 342 216 218 178
165 183 184 400 401 402 217 257 219
165 184 166 402 403 345 218 220 180
166 184 185 403 404 405 219 259 221
166 185 167 405 406 348 220 222 182
167 185 186 406 407 408 221 261 223
167 186 168 408 409 351 222 224 184
168 186 187 409 410 411 223 263 225
168 187 169 411 412 354 224 226 186
169 187 188 412 413 414 225 265 227
169 188 170 414 415 357 226 228 188
170 188 189 415 416 417 227 267 229
170 189 171 417 418 360 228 230 190
171 189 190 418 419 420 229 269 231
171 190 172 420 421 363 230 232 192
172 190 191 421 422 423 231 271 233
172 191 173 423 424 366 232 234 194
173 191 192 424 425 426 233 273 235
173 192 174 426 427 369 234 236 196
174 192 193 427 428 429 235 275 237
174 193 175 429 430 372 236 238 198
175 193 194 430 431 432 237 277 239
175 194 76 432 433 375 238 240 200
76 194 75 433 434 55 239 279 -1
29 30 176 7 435 377 -1 242 202
176 30 195 435 436 437 241 281 243
176 195 177 437 438 380 242 244 204
177 195 196 438 439 440 243 283 245
177 196 178 440 441 383 244 246 206
178 196 197 441 442 443 245 285 247
178 197 179 443 444 386 246 248 208
179 197 198 444 445 446 247 287 249
179 198 180 446 447 389 248 250 210
180 198 199 447 448 449 249 289 251
180 199 181 449 450 392 250 252 212
181 199 200 450 451 452 251 291 253
181 200 182 452 453 395 252 254 214
182 200 201 453 454 455 253 293 255
182 201 183 455 456 398 254 256 216
183 201 202 456 457 458 255 295 257
183 202 184 458 459 401 256 258 218
184 202 203 459 460 461 257 297 259
184 203 185 461 462 404 258 260 220
185 203 204 462 463 464 259 299 261
185 204 186 464 465 407 260 262 222
186 204 205 465 466 467 261 301 263
186 205 187 467 468 410 262 264 224
187 205 206 468 469 470 263 303 265
187 206 188 470 471 413 264 266 226
188 206 207 471 472 473 265 305 267
188 207 189 473 474 416 266 268 228
189 207 208 474 475 476 267 307 269
189 208 190 476 477 419 268 270 230
190 208 209 477 478 479 269 309 271
190 209 191 479 480 422 270 272 232
191 209 210 480 481 482 271 311 273
191 210 192 482 483 425 272 274 234
192 210 211 483 484 485 273 313 275
192 211 193 485 486 428 274 276 236
193 211 212 486 487 488 275 315 277
193 212 194 488 489 431 276 278 238
194 212 213 489 490 491 277 317 279
194 213 75 491 492 434 278 280 240
75 213 74 492 493 54 279 319 -1
30 31 195 8 494 436 -1 282 242
195 31 214 494 495 496 281 321 283
195 214 196 496 497 439 282 284 244
196 214 215 497 498 499 283 323 285
196 215 197 499 500 442 284 286 246
197 215 216 500 501 502 285 325 287
197 216 198 502 503 445 286 288 248
198 216 217 503 504 505 287 327 289
198 217 199 505 506 448 288 290 250
199 217 218 506 507 508 289 329 291
199 218 200 508 509 451 290 292 252
200 218 219 509 510 511 291 331 293
200 219 201 511 512 454 292 294 254
201 219 220 512 513 514 293 333 295
201 220 202 514 515 457 294 296 256
202 220 221 515 516 517 295 335 297
202 221 203 517 518 460 296 298 258
203 221 222 518 519 520 297 337 299
203 222 204 520 521 463 298 300 260
204 222 223 521 522 523 299 339 301
204 223 205 523 524 466 300 302 262
205 223 224 524 525 526 301 341 303
205 224 206 526 527 469 302 304 264
206 224 225 527 528 529 303 343 305
206 225 207 529 530 472 304 306 266
207 225 226 530 531 532 305 345 307
207 226 208 532 533 475 306 308 268
208 226 227 533 534 535 307 347 309
208 227 209 535 536 478 308 310 270
209 227 228 536 537 538 309 349 311
209 228 210 538 539 481 310 312 272
210 228 229 539 540 541 311 351 313
210 229 211 541 542 484 312 314 274
211 229 230 542 543 544 313 353 315
211 230 212 544 545 487 314 316 276
212 230 231 545 546 547 315 355 317
212 231 213 547 548 490 316 318 278
213 231 232 548 549 550 317 357 319
213 232 74 550 551 493 318 320 280
74 232 73 551 552 53 319 359 -1
31 32 214 9 553 495 -1 322 282
214 32 233 553 554 555 321 361 323
214 233 215 555 556 498 322 324 284
215 233 234 556 557 558 323 363 325
215 234 216 558 559 501 324 326 286
216 234 235 559 560 561 325 365 327
216 235 217 561 562 504 326 328 288
217 235 236 562 563 564 327 367 329
217 236 218 564 565 507 328 330 290
218 236 237 565 566 567 329 369 331
218 237 219 567 568 510 330 332 292
219 237 238 568 569 570 331 371 333
219 238 220 570 571 513 332 334 294
220 238 239 571 572 573 333 373 335
220 239 221 573 574 516 334 336 296
221 239 240 574 575 576 335 375 337
221 240 222 576 577 519 336 338 298
222 240 241 577 578 579 337 377 339
222 241 223 579 580 522 338 340 300
223 241 242 580 581 582 339 379 341
223 242 224 582 583 525 340 342 302
224 242 243 583 584 585 341 381 343
224 243 225 585 586 528 342 344 304
225 243 244 586 587 588 343 383 345
225 244 226 588 589 531 344 346 306
226 244 245 589 590 591 345 385 347
226 245 227 591 592 534 346 348 308
227 245 246 592 593 594 347 387 349
227 246 228 594 595 537 348 350 310
228 246 247 595 596 597 349 389 351
228 247 229 597 598 540 350 352 312
229 247 248 598 599 600 351 391 353
229 248 230 600 601 543 352 354 314
230 248 249 601 602 603 353 393 355
230 249 231 603 604 546 354 356 316
231 249 250 604 605 606 355 395 357
231 250 232 606 607 549 356 358 318
232 250 251 607 608 609 357 397 359
232 251 73 609 610 552 358 360 320
73 251 72 610 611 52 359 399 -1
32 33 233 10 612 554 -1 362 322
233 33 252 612 613 614 361 401 363
233 252 234 614 615 557 362 364 324
234 252 253 615 616 617 363 403 365
234 253 235 617 618 560 364 366 326
235 253 254 618 619 620 365 405 367
235 254 236 620 621 563 366 368 328
236 254 255 621 622 623 367 407 369
236 255 237 623 624 566 368 370 330
237 255 256 624 625 626 369 409 371
237 256 238 626 627 569 370 372 332
238 256 257 627 628 629 371 411 373
238 257 239 629 630 572 372 374 334
239 257 258 630 631 632 373 413 375
239 258 240 632 633 575 374 376 336
240 258 259 633 634 635 375 415 377
240 259 241 635 636 578 376 378 338
241 259 260 636 637 638 377 417 379
241 260 242 638 639 581 378 380 340
242 260 261 639 640 641 379 419 381
242 261 243 641 642 584 380 382 342
243 261 262 642 643 644 381 421 383
243 262 244 644 645 587 382 384 344
244 262 263 645 646 647 383 423 385
244 263 245 647 648 590 384 386 346
245 263 264 648 649 650 385 425 387
245 264 246 650 651 593 386 388 348
246 264 265 651 652 653 387 427 389
246 265 247 653 654 596 388 390 350
247 265 266 654 655 656 389 429 391
247 266 248 656 657 599 390 392 352
248 266 267 657 658 659 391 431 393
248 267 249 659 660 602 392 394 354
249 267 268 660 661 662 393 433 395
249 268 250 662 663 605 394 396 356
250 268 269 663 664 665 395 435 397
250 269 251 665 666 608 396 398 358
251 269 270 666 667 668 397 437 399
251 270 72 668 669 611 398 400 360
72 270 71 669 670 51 399 439 -1
33 34 252 11 671 613 -1 402 362
252 34 271 671 672 673 401 441 403
252 271 253 673 674 616 402 404 364
253 271 272 674 675 676 403 443 405
253 272 254 676 677 619 404 406 366
254 272 273 677 678 679 405 445 407
254 273 255 679 680 622 406 408 368
255 273 274 680 681 682 407 447 409
255 274 256 682 683 625 408 410 370
256 274 275 683 684 685 409 449 411
256 275 257 685 686 628 410 412 372
257 275 276 686 687 688 411 451 413
257 276 258 688 689 631 412 414 374
258 276 277 689 690 691 413 453 415
258 277 259 691 692 634 414 416 376
259 277 278 692 693 694 415 455 417
259 278 260 694 695 637 416 418 378
260 278 279 695 696 697 417 457 419
260 279 261 697 698 640 418 420 380
261 279 280 698 699 700 419 459 421
261 280 262 700 701 643 420 422 382
262 280 281 701 702 703 421 461 423
262 281 263 703 704 646 422 424 384
263 281 282 704 705 706 423 463 425
263 282 264 706 707 649 424 426 386
264 282 283 707 708 709 425 465 427
264 283 265 709 710 652 426 428 388
265 283 284 710 711 712 427 467 429
265 284 266 712 713 655 428 430 390
266 284 285 713 714 715 429 469 431
266 285 267 715 716 658 430 432 392
267 285 286 716 717 718 431 471 433
267 286 268 718 719 661 432 434 394
268 286 287 719 720 721 433 473 435
268 287 269 721 722 664 434 436 396
269 287 288 722 723 724 435 475 437
269 288 270 724 725 667 436 438 398
270 288 289 725 726 727 437 477 439
270 289 71 727 728 670 438 440 400
71 289 70 728 729 50 439 479 -1
34 35 271 12 730 672 -1 442 402
271 35 290 730 731 732 441 481 443
271 290 272 732 733 675 442 444 404
272 290 291 733 734 735 443 483 445
272 291 273 735 736 678 444 446 406
273 291 292 736 737 738 445 485 447
273 292 274 738 739 681 446 448 408
274 292 293 739 740 741 447 487 449
274 293 275 741 742 684 448 450 410
275 293 294 742 743 744 449 489 451
275 294 276 744 745 687 450 452 412
276 294 295 745 746 747 451 491 453
276 295 277 747 748 690 452 454 414
277 295 296 748 749 750 453 493 455
277 296 278 750 751 693 454 456 416
278 296 297 751 752 753 455 495 457
278 297 279 753 754 696 456 458 418
279 297 298 754 755 756 457 497 459
279 298 280 756 757 699 458 460 420
280 298 299 757 758 759 459 499 461
280 299 281 759 760 702 460 462 422
281 299 300 760 761 762 461 501 463
281 300 282 762 763 705 462 464 424
282 300 301 763 764 765 463 503 465
282 301 283 765 766 708 464 466 426
283 301 302 766 767 768 465 505 467
283 302 284 768 769 711 466 468 428
284 302 303 769 770 771 467 507 469
284 303 285 771 772 714 468 470 430
285 303 304 772 773 774 469 509 471
285 304 286 774 775 717 470 472 432
286 304 305 775 776 777 471 511 473
286 305 287 777 778 720 472 474 434
287 305 306 778 779 780 473 513 475
287 306 288 780 781 723 474 476 436
288 306 307 781 782 783 475 515 477
288 307 289 783 784 726 476 478 438
289 307 308 784 785 786 477 517 479
289 308 70 786 787 729 478 480 440
70 308 69 787 788 49 479 519 -1
35 36 290 13 789 731 -1 482 442
290 36 309 789 790 791 481 521 483
290 309 291 791 792 734 482 484 444
291 309 310 792 793 794 483 523 485
291 310 292 794 795 737 484 486 446
292 310 311 795 796 797 485 525 487
292 311 293 797 798 740 486 488 448
293 311 312 798 799 800 487 527 489
293 312 294 800 801 743 488 490 450
294 312 313 801 802 803 489 529 491
294 313 295 803 804 746 490 492 452
295 313 314 804 805 806 491 531 493
295 314 296 806 807 749 492 494 454
296 314 315 807 808 809 493 533 495
296 315 297 809 810 752 494 496 456
297 315 316 810 811 812 495 535 497
297 316 298 812 813 755 496 498 458
298 316 317 813 814 815 497 537 499
298 317 299 815 816 758 498 500 460
299 317 318 816 817 818 499 539 501
299 318 300 818 819 761 500 502 462
300 318 319 819 820 821 501 541 503
300 319 301 821 822 764 502 504 464
301 319 320 822 823 824 503 543 505
301 320 302 824 825 767 504 506 466
302 320 321 825 826 827 505 545 507
302 321 303 827 828 770 506 508 468
303 321 322 828 829 830 507 547 509
303 322 304 830 831 773 508 510 470
304 322 323 831 832 833 509 549 511
304 323 305 833 834 776 510 512 472
305 323 324 834 835 836 511 551 513
305 324 306 836 837 779 512 514 474
306 324 325 837 838 839 513 553 515
306 325 307 839 840 782 514 516 476
307 325 326 840 841 842 515 555 517
307 326 308 842 843 785 516 518 478
308 326 327 843 844 845 517 557 519
308 327 69 845 846 788 518 520 480
69 327 68 846 847 48 519 559 -1
36 37 309 14 848 790 -1 522 482
309 37 328 848 849 850 521 561 523
309 328 310 850 851 793 522 524 484
310 328 329 851 852 853 523 563 525
310 329 311 853 854 796 524 526 486
311 329 330 854 855 856 525 565 527
311 330 312 856 857 799 526 528 488
312 330 331 857 858 859 527 567 529
312 331 313 859 860 802 528 530 490
313 331 332 860 861 862 529 569 531
313 332 314 862 863 805 530 532 492
314 332 333 863 864 865 531 571 533
314 333 315 865 866 808 532 534 494
315 333 334 866 867 868 533 573 535
315 334 316 868 869 811 534 536 496
316 334 335 869 870 871 535 575 537
316 335 317 871 872 814 536 538 498
317 335 336 872 873 874 537 577 539
317 336 318 874 875 817 538 540 500
318 336 337 875 876 877 539 579 541
318 337 319 877 878 820 540 542 502
319 337 338 878 879 880 541 581 543
319 338 320 880 881 823 542 544 504
320 338 339 881 882 883 543 583 545
320 339 321 883 884 826 544 546 506
321 339 340 884 885 886 545 585 547
321 340 322 886 887 829 546 548 508
322 340 341 887 888 889 547 587 549
322 341 323 889 890 832 548 550 510
323 341 342 890 891 892 549 589 551
323 342 324 892 893 835 550 552 512
324 342 343 893 894 895 551 591 553
324 343 325 895 896 838 552 554 514
325 343 344 896 897 898 553 593 555
325 344 326 898 899 841 554 556 516
326 344 345 899 900 901 555 595 557
326 345 327 901 902 844 556 558 518
327 345 346 902 903 904 557 597 559
327 346 68 904 905 847 558 560 520
68 346 67 905 906 47 559 599 -1
37 38 328 15 907 849 -1 562 522
328 38 347 907 908 909 561 601 563
328 347 329 909 910 852 562 564 524
329 347 348 910 911 912 563 603 565
329 348 330 912 913 855 564 566 526
330 348 349 913 914 915 565 605 567
330 349 331 915 916 858 566 568 528
331 349 350 916 917 918 567 607 569
331 350 332 918 919 861 568 570 530
332 350 351 919 920 921 569 609 571
332 351 333 921 922 864 570 572 532
333 351 352 922 923 924 571 611 573
333 352 334 924 925 867 572 574 534
334 352 353 925 926 927 573 613 575
334 353 335 927 928 870 574 576 536
335 353 354 928 929 930 575 615 577
335 354 336 930 931 873 576 578 538
336 354 355 931 932 933 577 617 579
336 355 337 933 934 876 578 580 540
337 355 356 934 935 936 579 619 581
337 356 338 936 937 879 580 582 542
338 356 357 937 938 939 581 621 583
338 357 339 939 940 882 582 584 544
339 357 358 940 941 942 583 623 585
339 358 340 942 943 885 584 586 546
340 358 359 943 944 945 585 625 587
340 359 341 945 946 888 586 588 548
341 359 360 946 947 948 587 627 589
341 360 342 948 949 891 588 590 550
342 360 361 949 950 951 589 629 591
342 361 343 951 952 894 590 592 552
343 361 362 952 953 954 591 631 593
343 362 344 954 955 897 592 594 554
344 362 363 955 956 957 593 633 595
344 363 345 957 958 900 594 596 556
345 363 364 958 959 960 595 635 597
345 364 346 960 961 903 596 598 558
346 364 365 961 962 963 597 637 599
346 365 67 963 964 906 598 600 560
67 365 66 964 965 46 599 639 -1
38 39 347 16 966 908 -1 602 562
347 39 366 966 967 968 601 641 603
347 366 348 968 969 911 602 604 564
348 366 367 969 970 971 603 643 605
348 367 349 971 972 914 604 606 566
349 367 368 972 973 974 605 645 607
349 368 350 974 975 917 606 608 568
350 368 369 975 976 977 607 647 609
350 369 351 977 978 920 608 610 570
351 369 370 978 979 980 609 649 611
351 370 352 980 981 923 610 612 572
352 370 371 981 982 983 611 651 613
352 371 353 983 984 926 612 614 574
353 371 372 984 985 986 613 653 615
353 372 354 986 987 929 614 616 576
354 372 373 987 988 989 615 655 617
354 373 355 989 990 932 616 618 578
355 373 374 990 991 992 617 657 619
355 374 356 992 993 935 618 620 580
356 374 375 993 994 995 619 659 621
356 375 357 995 996 938 620 622 582
357 375 376 996 997 998 621 661 623
357 376 358 998 999 941 622 624 584
358 376 377 999 1000 1001 623 663 625
358 377 359 1001 1002 944 624 626 586
359 377 378 1002 1003 1004 625 665 627
359 378 360 1004 1005 947 626 628 588
360 378 379 1005 1006 1007 627 667 629
360 379 361 1007 1008 950 628 630 590
361 379 380 1008 1009 1010 629 669 631
361 380 362 1010 1011 953 630 632 592
362 380 381 1011 1012 1013 631 671 633
362 381 363 1013 1014 956 632 634 594
363 381 382 1014 1015 1016 633 673 635
363 382 364 1016 1017 959 634 636 596
364 382 383 1017 1018 1019 635 675 637
364 383 365 1019 1020 962 636 638 598
365 383 384 1020 1021 1022 637 677 639
365 384 66 1022 1023 965 638 640 600
66 384 65 1023 1024 45 639 679 -1
39 40 366 17 1025 967 -1 642 602
366 40 385 1025 1026 1027 641 681 643
366 385 367 1027 1028 970 642 644 604
367 385 386 1028 1029 1030 643 683 645
367 386 368 1030 1031 973 644 646 606
368 386 387 1031 1032 1033 645 685 647
368 387 369 1033 1034 976 646 648 608
369 387 388 1034 1035 1036 647 687 649
369 388 370 1036 1037 979 648 650 610
370 388 389 1037 1038 1039 649 689 651
370 389 371 1039 1040 982 650 652 612
371 389 390 1040 1041 1042 651 691 653
371 390 372 1042 1043 985 652 654 614
372 390 391 1043 1044 1045 653 693 655
372 391 373 1045 1046 988 654 656 616
373 391 392 1046 1047 1048 655 695 657
373 392 374 1048 1049 991 656 658 618
374 392 393 1049 1050 1051 657 697 659
374 393 375 1051 1052 994 658 660 620
375 393 394 1052 1053 1054 659 699 661
375 394 376 1054 1055 997 660 662 622
376 394 395 1055 1056 1057 661 701 663
376 395 377 1057 1058 1000 662 664 624
377 395 396 1058 1059 1060 663 703 665
377 396 378 1060 1061 1003 664 666 626
378 396 397 1061 1062 1063 665 705 667
378 397 379 1063 1064 1006 666 668 628
379 397 398 1064 1065 1066 667 707 669
379 398 380 1066 1067 1009 668 670 630
380 398 399 1067 1068 1069 669 709 671
380 399 381 1069 1070 1012 670 672 632
381 399 400 1070 1071 1072 671 711 673
381 400 382 1072 1073 1015 672 674 634
382 400 401 1073 1074 1075 673 713 675
382 401 383 1075 1076 1018 674 676 636
383 401 402 1076 1077 1078 675 715 677
383 402 384 1078 1079 1021 676 678 638
384 402 403 1079 1080 1081 677 717 679
384 403 65 1081 1082 1024 678 680 640
65 403 64 1082 1083 44 679 719 -1
40 41 385 18 1084 1026 -1 682 642
385 41 404 1084 1085 1086 681 721 683
385 404 386 1086 1087 1029 682 684 644
386 404 405 1087 1088 1089 683 723 685
386 405 387 1089 1090 1032 684 686 646
387 405 406 1090 1091 1092 685 725 687
387 406 388 1092 1093 1035 686 688 648
388 406 407 1093 1094 1095 687 727 689
388 407 389 1095 1096 1038 688 690 650
389 407 408 1096 1097 1098 689 729 691
389 408 390 1098 1099 1041 690 692 652
390 408 409 1099 1100 1101 691 731 693
390 409 391 1101 1102 1044 692 694 654
391 409 410 1102 1103 1104 693 733 695
391 410 392 1104 1105 1047 694 696 656
392 410 411 1105 1106 1107 695 735 697
392 411 393 1107 1108 1050 696 698 658
393 411 412 1108 1109 1110 697 737 699
393 412 394 1110 1111 1053 698 700 660
394 412 413 1111 1112 1113 699 739 701
394 413 395 1113 1114 1056 700 702 662
395 413 414 1114 1115 1116 701 741 703
395 414 396 1116 1117 1059 702 704 664
396 414 415 1117 1118 1119 703 743 705
396 415 397 1119 1120 1062 704 706 666
397 415 416 1120 1121 1122 705 745 707
397 416 398 1122 1123 1065 706 708 668
398 416 417 1123 1124 1125 707 747 709
398 417 399 1125 1126 1068 708 710 670
399 417 418 1126 1127 1128 709 749 711
399 418 400 1128 1129 1071 710 712 672
400 418 419 1129 1130 1131 711 751 713
400 419 401 1131 1132 1074 712 714 674
401 419 420 1132 1133 1134 713 753 715
401 420 402 1134 1135 1077 714 716 676
402 420 421 1135 1136 1137 715 755 717
402 421 403 1137 1138 1080 716 718 678
403 421 422 1138 1139 1140 717 757 719
403 422 64 1140 1141 1083 718 720 680
64 422 63 1141 1142 43 719 759 -1
41 42 404 19 1143 1085 -1 722 682
404 42 423 1143 1144 1145 721 761 723
404 423 405 1145 1146 1088 722 724 684
405 423 424 1146 1147 1148 723 763 725
405 424 406 1148 1149 1091 724 726 686
406 424 425 1149 1150 1151 725 765 727
406 425 407 1151 1152 1094 726 728 688
407 425 426 1152 1153 1154 727 767 729
407 426 408 1154 1155 1097 728 730 690
408 426 427 1155 1156 1157 729 769 731
408 427 409 1157 1158 1100 730 732 692
409 427 428 1158 1159 1160 731 771 733
409 428 410 1160 1161 1103 732 734 694
410 428 429 1161 1162 1163 733 773 735
410 429 411 1163 1164 1106 734 736 696
411 429 430 1164 1165 1166 735 775 737
411 430 412 1166 1167 1109 736 738 698
412 430 431 1167 1168 1169 737 777 739
412 431 413 1169 1170 1112 738 740 700
413 431 432 1170 1171 1172 739 779 741
413 432 414 1172 1173 1115 740 742 702
414 432 433 1173 1174 1175 741 781 743
414 433 415 1175 1176 1118 742 744 704
415 433 434 1176 1177 1178 743 783 745
415 434 416 1178 1179 1121 744 746 706
416 434 435 1179 1180 1181 745 785 747
416 435 417 1181 1182 1124 746 748 708
417 435 436 1182 1183 1184 747 787 749
417 436 418 1184 1185 1127 748 750 710
418 436 437 1185 1186 1187 749 789 751
418 437 419 1187 1188 1130 750 752 712
419 437 438 1188 1189 1190 751 791 753
419 438 420 1190 1191 1133 752 754 714
420 438 439 1191 1192 1193 753 793 755
420 439 421 1193 1194 1136 754 756 716
421 439 440 1194 1195 1196 755 795 757
421 440 422 1196 1197 1139 756 758 718
422 440 441 1197 1198 1199 757 797 759
422 441 63 1199 1200 1142 758 760 720
63 441 62 1200 1201 42 759 799 -1
42 3 423 20 1202 1144 -1 762 722
423 3 43 1202 21 1203 761 -1 763
423 43 424 1203 1204 1147 762 764 724
424 43 44 1204 22 1205 763 -1 765
424 44 425 1205 1206 1150 764 766 726
425 44 45 1206 23 1207 765 -1 767
425 45 426 1207 1208 1153 766 768 728
426 45 46 1208 24 1209 767 -1 769
426 46 427 1209 1210 1156 768 770 730
427 46 47 1210 25 1211 769 -1 771
427 47 428 1211 1212 1159 770 772 732
428 47 48 1212 26 1213 771 -1 773
428 48 429 1213 1214 1162 772 774 734
429 48 49 1214 27 1215 773 -1 775
429 49 430 1215 1216 1165 774 776 736
430 49 50 1216 28 1217 775 -1 777
430 50 431 1217 1218 1168 776 778 738
431 50 51 1218 29 1219 777 -1 779
431 51 432 1219 1220 1171 778 780 740
432 51 52 1220 30 1221 779 -1 781
432 52 433 1221 1222 1174 780 782 742
433 52 53 1222 31 1223 781 -1 783
433 53 434 1223 1224 1177 782 784 744
434 53 54 1224 32 1225 783 -1 785
434 54 435 1225 1226 1180 784 786 746
435 54 55 1226 33 1227 785 -1 787
435 55 436 1227 1228 1183 786 788 748
436 55 56 1228 34 1229 787 -1 789
436 56 437 1229 1230 1186 788 790 750
437 56 57 1230 35 1231 789 -1 791
437 57 438 1231 1232 1189 790 792 752
438 57 58 1232 36 1233 791 -1 793
438 58 439 1233 1234 1192 792 794 754
439 58 59 1234 37 1235 793 -1 795
439 59 440 1235 1236 1195 794 796 756
440 59 60 1236 38 1237 795 -1 797
440 60 441 1237 1238 1198 796 798 758
441 60 61 1238 39 1239 797 -1 799
441 61 62 1239 1240 1201 798 800 760
62 61 4 1240 40 41 799 -1 -1
