1240
2 24 1 1 -1
24 25 1 41 -1
25 26 1 81 -1
26 27 1 121 -1
27 28 1 161 -1
28 29 1 201 -1
29 30 1 241 -1
30 31 1 281 -1
31 32 1 321 -1
32 33 1 361 -1
33 34 1 401 -1
34 35 1 441 -1
35 36 1 481 -1
36 37 1 521 -1
37 38 1 561 -1
38 39 1 601 -1
39 40 1 641 -1
40 41 1 681 -1
41 42 1 721 -1
42 3 1 761 -1
3 43 2 762 -1
43 44 2 764 -1
44 45 2 766 -1
45 46 2 768 -1
46 47 2 770 -1
47 48 2 772 -1
48 49 2 774 -1
49 50 2 776 -1
50 51 2 778 -1
51 52 2 780 -1
52 53 2 782 -1
53 54 2 784 -1
54 55 2 786 -1
55 56 2 788 -1
56 57 2 790 -1
57 58 2 792 -1
58 59 2 794 -1
59 60 2 796 -1
60 61 2 798 -1
61 4 2 800 -1
4 62 3 800 -1
62 63 3 760 -1
63 64 3 720 -1
64 65 3 680 -1
65 66 3 640 -1
66 67 3 600 -1
67 68 3 560 -1
68 69 3 520 -1
69 70 3 480 -1
70 71 3 440 -1
71 72 3 400 -1
72 73 3 360 -1
73 74 3 320 -1
74 75 3 280 -1
75 76 3 240 -1
76 77 3 200 -1
77 78 3 160 -1
78 79 3 120 -1
79 80 3 80 -1
80 1 3 40 -1
1 5 4 39 -1
5 6 4 37 -1
6 7 4 35 -1
7 8 4 33 -1
8 9 4 31 -1
9 10 4 29 -1
10 11 4 27 -1
11 12 4 25 -1
12 13 4 23 -1
13 14 4 21 -1
14 15 4 19 -1
15 16 4 17 -1
16 17 4 15 -1
17 18 4 13 -1
18 19 4 11 -1
19 20 4 9 -1
20 21 4 7 -1
21 22 4 5 -1
22 23 4 3 -1
23 2 4 1 -1
24 23 -1 1 2
24 81 -1 2 41
81 23 -1 2 3
81 22 -1 3 4
81 82 -1 4 43
82 22 -1 4 5
82 21 -1 5 6
82 83 -1 6 45
83 21 -1 6 7
83 20 -1 7 8
83 84 -1 8 47
84 20 -1 8 9
84 19 -1 9 10
84 85 -1 10 49
85 19 -1 10 11
85 18 -1 11 12
85 86 -1 12 51
86 18 -1 12 13
86 17 -1 13 14
86 87 -1 14 53
87 17 -1 14 15
87 16 -1 15 16
87 88 -1 16 55
88 16 -1 16 17
88 15 -1 17 18
88 89 -1 18 57
89 15 -1 18 19
89 14 -1 19 20
89 90 -1 20 59
90 14 -1 20 21
90 13 -1 21 22
90 91 -1 22 61
91 13 -1 22 23
91 12 -1 23 24
91 92 -1 24 63
92 12 -1 24 25
92 11 -1 25 26
92 93 -1 26 65
93 11 -1 26 27
93 10 -1 27 28
93 94 -1 28 67
94 10 -1 28 29
94 9 -1 29 30
94 95 -1 30 69
95 9 -1 30 31
95 8 -1 31 32
95 96 -1 32 71
96 8 -1 32 33
96 7 -1 33 34
96 97 -1 34 73
97 7 -1 34 35
97 6 -1 35 36
97 98 -1 36 75
98 6 -1 36 37
98 5 -1 37 38
98 99 -1 38 77
99 5 -1 38 39
99 1 -1 39 40
99 80 -1 40 79
25 81 -1 41 42
25 100 -1 42 81
100 81 -1 42 43
100 82 -1 43 44
100 101 -1 44 83
101 82 -1 44 45
101 83 -1 45 46
101 102 -1 46 85
102 83 -1 46 47
102 84 -1 47 48
102 103 -1 48 87
103 84 -1 48 49
103 85 -1 49 50
103 104 -1 50 89
104 85 -1 50 51
104 86 -1 51 52
104 105 -1 52 91
105 86 -1 52 53
105 87 -1 53 54
105 106 -1 54 93
106 87 -1 54 55
106 88 -1 55 56
106 107 -1 56 95
107 88 -1 56 57
107 89 -1 57 58
107 108 -1 58 97
108 89 -1 58 59
108 90 -1 59 60
108 109 -1 60 99
109 90 -1 60 61
109 91 -1 61 62
109 110 -1 62 101
110 91 -1 62 63
110 92 -1 63 64
110 111 -1 64 103
111 92 -1 64 65
111 93 -1 65 66
111 112 -1 66 105
112 93 -1 66 67
112 94 -1 67 68
112 113 -1 68 107
113 94 -1 68 69
113 95 -1 69 70
113 114 -1 70 109
114 95 -1 70 71
114 96 -1 71 72
114 115 -1 72 111
115 96 -1 72 73
115 97 -1 73 74
115 116 -1 74 113
116 97 -1 74 75
116 98 -1 75 76
116 117 -1 76 115
117 98 -1 76 77
117 99 -1 77 78
117 118 -1 78 117
118 99 -1 78 79
118 80 -1 79 80
118 79 -1 80 119
26 100 -1 81 82
26 119 -1 82 121
119 100 -1 82 83
119 101 -1 83 84
119 120 -1 84 123
120 101 -1 84 85
120 102 -1 85 86
120 121 -1 86 125
121 102 -1 86 87
121 103 -1 87 88
121 122 -1 88 127
122 103 -1 88 89
122 104 -1 89 90
122 123 -1 90 129
123 104 -1 90 91
123 105 -1 91 92
123 124 -1 92 131
124 105 -1 92 93
124 106 -1 93 94
124 125 -1 94 133
125 106 -1 94 95
125 107 -1 95 96
125 126 -1 96 135
126 107 -1 96 97
126 108 -1 97 98
126 127 -1 98 137
127 108 -1 98 99
127 109 -1 99 100
127 128 -1 100 139
128 109 -1 100 101
128 110 -1 101 102
128 129 -1 102 141
129 110 -1 102 103
129 111 -1 103 104
129 130 -1 104 143
130 111 -1 104 105
130 112 -1 105 106
130 131 -1 106 145
131 112 -1 106 107
131 113 -1 107 108
131 132 -1 108 147
132 113 -1 108 109
132 114 -1 109 110
132 133 -1 110 149
133 114 -1 110 111
133 115 -1 111 112
133 134 -1 112 151
134 115 -1 112 113
134 116 -1 113 114
134 135 -1 114 153
135 116 -1 114 115
135 117 -1 115 116
135 136 -1 116 155
136 117 -1 116 117
136 118 -1 117 118
136 137 -1 118 157
137 118 -1 118 119
137 79 -1 119 120
137 78 -1 120 159
27 119 -1 121 122
27 138 -1 122 161
138 119 -1 122 123
138 120 -1 123 124
138 139 -1 124 163
139 120 -1 124 125
139 121 -1 125 126
139 140 -1 126 165
140 121 -1 126 127
140 122 -1 127 128
140 141 -1 128 167
141 122 -1 128 129
141 123 -1 129 130
141 142 -1 130 169
142 123 -1 130 131
142 124 -1 131 132
142 143 -1 132 171
143 124 -1 132 133
143 125 -1 133 134
143 144 -1 134 173
144 125 -1 134 135
144 126 -1 135 136
144 145 -1 136 175
145 126 -1 136 137
145 127 -1 137 138
145 146 -1 138 177
146 127 -1 138 139
146 128 -1 139 140
146 147 -1 140 179
147 128 -1 140 141
147 129 -1 141 142
147 148 -1 142 181
148 129 -1 142 143
148 130 -1 143 144
148 149 -1 144 183
149 130 -1 144 145
149 131 -1 145 146
149 150 -1 146 185
150 131 -1 146 147
150 132 -1 147 148
150 151 -1 148 187
151 132 -1 148 149
151 133 -1 149 150
151 152 -1 150 189
152 133 -1 150 151
152 134 -1 151 152
152 153 -1 152 191
153 134 -1 152 153
153 135 -1 153 154
153 154 -1 154 193
154 135 -1 154 155
154 136 -1 155 156
154 155 -1 156 195
155 136 -1 156 157
155 137 -1 157 158
155 156 -1 158 197
156 137 -1 158 159
156 78 -1 159 160
156 77 -1 160 199
28 138 -1 161 162
28 157 -1 162 201
157 138 -1 162 163
157 139 -1 163 164
157 158 -1 164 203
158 139 -1 164 165
158 140 -1 165 166
158 159 -1 166 205
159 140 -1 166 167
159 141 -1 167 168
159 160 -1 168 207
160 141 -1 168 169
160 142 -1 169 170
160 161 -1 170 209
161 142 -1 170 171
161 143 -1 171 172
161 162 -1 172 211
162 143 -1 172 173
162 144 -1 173 174
162 163 -1 174 213
163 144 -1 174 175
163 145 -1 175 176
163 164 -1 176 215
164 145 -1 176 177
164 146 -1 177 178
164 165 -1 178 217
165 146 -1 178 179
165 147 -1 179 180
165 166 -1 180 219
166 147 -1 180 181
166 148 -1 181 182
166 167 -1 182 221
167 148 -1 182 183
167 149 -1 183 184
167 168 -1 184 223
168 149 -1 184 185
168 150 -1 185 186
168 169 -1 186 225
169 150 -1 186 187
169 151 -1 187 188
169 170 -1 188 227
170 151 -1 188 189
170 152 -1 189 190
170 171 -1 190 229
171 152 -1 190 191
171 153 -1 191 192
171 172 -1 192 231
172 153 -1 192 193
172 154 -1 193 194
172 173 -1 194 233
173 154 -1 194 195
173 155 -1 195 196
173 174 -1 196 235
174 155 -1 196 197
174 156 -1 197 198
174 175 -1 198 237
175 156 -1 198 199
175 77 -1 199 200
175 76 -1 200 239
29 157 -1 201 202
29 176 -1 202 241
176 157 -1 202 203
176 158 -1 203 204
176 177 -1 204 243
177 158 -1 204 205
177 159 -1 205 206
177 178 -1 206 245
178 159 -1 206 207
178 160 -1 207 208
178 179 -1 208 247
179 160 -1 208 209
179 161 -1 209 210
179 180 -1 210 249
180 161 -1 210 211
180 162 -1 211 212
180 181 -1 212 251
181 162 -1 212 213
181 163 -1 213 214
181 182 -1 214 253
182 163 -1 214 215
182 164 -1 215 216
182 183 -1 216 255
183 164 -1 216 217
183 165 -1 217 218
183 184 -1 218 257
184 165 -1 218 219
184 166 -1 219 220
184 185 -1 220 259
185 166 -1 220 221
185 167 -1 221 222
185 186 -1 222 261
186 167 -1 222 223
186 168 -1 223 224
186 187 -1 224 263
187 168 -1 224 225
187 169 -1 225 226
187 188 -1 226 265
188 169 -1 226 227
188 170 -1 227 228
188 189 -1 228 267
189 170 -1 228 229
189 171 -1 229 230
189 190 -1 230 269
190 171 -1 230 231
190 172 -1 231 232
190 191 -1 232 271
191 172 -1 232 233
191 173 -1 233 234
191 192 -1 234 273
192 173 -1 234 235
192 174 -1 235 236
192 193 -1 236 275
193 174 -1 236 237
193 175 -1 237 238
193 194 -1 238 277
194 175 -1 238 239
194 76 -1 239 240
194 75 -1 240 279
30 176 -1 241 242
30 195 -1 242 281
195 176 -1 242 243
195 177 -1 243 244
195 196 -1 244 283
196 177 -1 244 245
196 178 -1 245 246
196 197 -1 246 285
197 178 -1 246 247
197 179 -1 247 248
197 198 -1 248 287
198 179 -1 248 249
198 180 -1 249 250
198 199 -1 250 289
199 180 -1 250 251
199 181 -1 251 252
199 200 -1 252 291
200 181 -1 252 253
200 182 -1 253 254
200 201 -1 254 293
201 182 -1 254 255
201 183 -1 255 256
201 202 -1 256 295
202 183 -1 256 257
202 184 -1 257 258
202 203 -1 258 297
203 184 -1 258 259
203 185 -1 259 260
203 204 -1 260 299
204 185 -1 260 261
204 186 -1 261 262
204 205 -1 262 301
205 186 -1 262 263
205 187 -1 263 264
205 206 -1 264 303
206 187 -1 264 265
206 188 -1 265 266
206 207 -1 266 305
207 188 -1 266 267
207 189 -1 267 268
207 208 -1 268 307
208 189 -1 268 269
208 190 -1 269 270
208 209 -1 270 309
209 190 -1 270 271
209 191 -1 271 272
209 210 -1 272 311
210 191 -1 272 273
210 192 -1 273 274
210 211 -1 274 313
211 192 -1 274 275
211 193 -1 275 276
211 212 -1 276 315
212 193 -1 276 277
212 194 -1 277 278
212 213 -1 278 317
213 194 -1 278 279
213 75 -1 279 280
213 74 -1 280 319
31 195 -1 281 282
31 214 -1 282 321
214 195 -1 282 283
214 196 -1 283 284
214 215 -1 284 323
215 196 -1 284 285
215 197 -1 285 286
215 216 -1 286 325
216 197 -1 286 287
216 198 -1 287 288
216 217 -1 288 327
217 198 -1 288 289
217 199 -1 289 290
217 218 -1 290 329
218 199 -1 290 291
218 200 -1 291 292
218 219 -1 292 331
219 200 -1 292 293
219 201 -1 293 294
219 220 -1 294 333
220 201 -1 294 295
220 202 -1 295 296
220 221 -1 296 335
221 202 -1 296 297
221 203 -1 297 298
221 222 -1 298 337
222 203 -1 298 299
222 204 -1 299 300
222 223 -1 300 339
223 204 -1 300 301
223 205 -1 301 302
223 224 -1 302 341
224 205 -1 302 303
224 206 -1 303 304
224 225 -1 304 343
225 206 -1 304 305
225 207 -1 305 306
225 226 -1 306 345
226 207 -1 306 307
226 208 -1 307 308
226 227 -1 308 347
227 208 -1 308 309
227 209 -1 309 310
227 228 -1 310 349
228 209 -1 310 311
228 210 -1 311 312
228 229 -1 312 351
229 210 -1 312 313
229 211 -1 313 314
229 230 -1 314 353
230 211 -1 314 315
230 212 -1 315 316
230 231 -1 316 355
231 212 -1 316 317
231 213 -1 317 318
231 232 -1 318 357
232 213 -1 318 319
232 74 -1 319 320
232 73 -1 320 359
32 214 -1 321 322
32 233 -1 322 361
233 214 -1 322 323
233 215 -1 323 324
233 234 -1 324 363
234 215 -1 324 325
234 216 -1 325 326
234 235 -1 326 365
235 216 -1 326 327
235 217 -1 327 328
235 236 -1 328 367
236 217 -1 328 329
236 218 -1 329 330
236 237 -1 330 369
237 218 -1 330 331
237 219 -1 331 332
237 238 -1 332 371
238 219 -1 332 333
238 220 -1 333 334
238 239 -1 334 373
239 220 -1 334 335
239 221 -1 335 336
239 240 -1 336 375
240 221 -1 336 337
240 222 -1 337 338
240 241 -1 338 377
241 222 -1 338 339
241 223 -1 339 340
241 242 -1 340 379
242 223 -1 340 341
242 224 -1 341 342
242 243 -1 342 381
243 224 -1 342 343
243 225 -1 343 344
243 244 -1 344 383
244 225 -1 344 345
244 226 -1 345 346
244 245 -1 346 385
245 226 -1 346 347
245 227 -1 347 348
245 246 -1 348 387
246 227 -1 348 349
246 228 -1 349 350
246 247 -1 350 389
247 228 -1 350 351
247 229 -1 351 352
247 248 -1 352 391
248 229 -1 352 353
248 230 -1 353 354
248 249 -1 354 393
249 230 -1 354 355
249 231 -1 355 356
249 250 -1 356 395
250 231 -1 356 357
250 232 -1 357 358
250 251 -1 358 397
251 232 -1 358 359
251 73 -1 359 360
251 72 -1 360 399
33 233 -1 361 362
33 252 -1 362 401
252 233 -1 362 363
252 234 -1 363 364
252 253 -1 364 403
253 234 -1 364 365
253 235 -1 365 366
253 254 -1 366 405
254 235 -1 366 367
254 236 -1 367 368
254 255 -1 368 407
255 236 -1 368 369
255 237 -1 369 370
255 256 -1 370 409
256 237 -1 370 371
256 238 -1 371 372
256 257 -1 372 411
257 238 -1 372 373
257 239 -1 373 374
257 258 -1 374 413
258 239 -1 374 375
258 240 -1 375 376
258 259 -1 376 415
259 240 -1 376 377
259 241 -1 377 378
259 260 -1 378 417
260 241 -1 378 379
260 242 -1 379 380
260 261 -1 380 419
261 242 -1 380 381
261 243 -1 381 382
261 262 -1 382 421
262 243 -1 382 383
262 244 -1 383 384
262 263 -1 384 423
263 244 -1 384 385
263 245 -1 385 386
263 264 -1 386 425
264 245 -1 386 387
264 246 -1 387 388
264 265 -1 388 427
265 246 -1 388 389
265 247 -1 389 390
265 266 -1 390 429
266 247 -1 390 391
266 248 -1 391 392
266 267 -1 392 431
267 248 -1 392 393
267 249 -1 393 394
267 268 -1 394 433
268 249 -1 394 395
268 250 -1 395 396
268 269 -1 396 435
269 250 -1 396 397
269 251 -1 397 398
269 270 -1 398 437
270 251 -1 398 399
270 72 -1 399 400
270 71 -1 400 439
34 252 -1 401 402
34 271 -1 402 441
271 252 -1 402 403
271 253 -1 403 404
271 272 -1 404 443
272 253 -1 404 405
272 254 -1 405 406
272 273 -1 406 445
273 254 -1 406 407
273 255 -1 407 408
273 274 -1 408 447
274 255 -1 408 409
274 256 -1 409 410
274 275 -1 410 449
275 256 -1 410 411
275 257 -1 411 412
275 276 -1 412 451
276 257 -1 412 413
276 258 -1 413 414
276 277 -1 414 453
277 258 -1 414 415
277 259 -1 415 416
277 278 -1 416 455
278 259 -1 416 417
278 260 -1 417 418
278 279 -1 418 457
279 260 -1 418 419
279 261 -1 419 420
279 280 -1 420 459
280 261 -1 420 421
280 262 -1 421 422
280 281 -1 422 461
281 262 -1 422 423
281 263 -1 423 424
281 282 -1 424 463
282 263 -1 424 425
282 264 -1 425 426
282 283 -1 426 465
283 264 -1 426 427
283 265 -1 427 428
283 284 -1 428 467
284 265 -1 428 429
284 266 -1 429 430
284 285 -1 430 469
285 266 -1 430 431
285 267 -1 431 432
285 286 -1 432 471
286 267 -1 432 433
286 268 -1 433 434
286 287 -1 434 473
287 268 -1 434 435
287 269 -1 435 436
287 288 -1 436 475
288 269 -1 436 437
288 270 -1 437 438
288 289 -1 438 477
289 270 -1 438 439
289 71 -1 439 440
289 70 -1 440 479
35 271 -1 441 442
35 290 -1 442 481
290 271 -1 442 443
290 272 -1 443 444
290 291 -1 444 483
291 272 -1 444 445
291 273 -1 445 446
291 292 -1 446 485
292 273 -1 446 447
292 274 -1 447 448
292 293 -1 448 487
293 274 -1 448 449
293 275 -1 449 450
293 294 -1 450 489
294 275 -1 450 451
294 276 -1 451 452
294 295 -1 452 491
295 276 -1 452 453
295 277 -1 453 454
295 296 -1 454 493
296 277 -1 454 455
296 278 -1 455 456
296 297 -1 456 495
297 278 -1 456 457
297 279 -1 457 458
297 298 -1 458 497
298 279 -1 458 459
298 280 -1 459 460
298 299 -1 460 499
299 280 -1 460 461
299 281 -1 461 462
299 300 -1 462 501
300 281 -1 462 463
300 282 -1 463 464
300 301 -1 464 503
301 282 -1 464 465
301 283 -1 465 466
301 302 -1 466 505
302 283 -1 466 467
302 284 -1 467 468
302 303 -1 468 507
303 284 -1 468 469
303 285 -1 469 470
303 304 -1 470 509
304 285 -1 470 471
304 286 -1 471 472
304 305 -1 472 511
305 286 -1 472 473
305 287 -1 473 474
305 306 -1 474 513
306 287 -1 474 475
306 288 -1 475 476
306 307 -1 476 515
307 288 -1 476 477
307 289 -1 477 478
307 308 -1 478 517
308 289 -1 478 479
308 70 -1 479 480
308 69 -1 480 519
36 290 -1 481 482
36 309 -1 482 521
309 290 -1 482 483
309 291 -1 483 484
309 310 -1 484 523
310 291 -1 484 485
310 292 -1 485 486
310 311 -1 486 525
311 292 -1 486 487
311 293 -1 487 488
311 312 -1 488 527
312 293 -1 488 489
312 294 -1 489 490
312 313 -1 490 529
313 294 -1 490 491
313 295 -1 491 492
313 314 -1 492 531
314 295 -1 492 493
314 296 -1 493 494
314 315 -1 494 533
315 296 -1 494 495
315 297 -1 495 496
315 316 -1 496 535
316 297 -1 496 497
316 298 -1 497 498
316 317 -1 498 537
317 298 -1 498 499
317 299 -1 499 500
317 318 -1 500 539
318 299 -1 500 501
318 300 -1 501 502
318 319 -1 502 541
319 300 -1 502 503
319 301 -1 503 504
319 320 -1 504 543
320 301 -1 504 505
320 302 -1 505 506
320 321 -1 506 545
321 302 -1 506 507
321 303 -1 507 508
321 322 -1 508 547
322 303 -1 508 509
322 304 -1 509 510
322 323 -1 510 549
323 304 -1 510 511
323 305 -1 511 512
323 324 -1 512 551
324 305 -1 512 513
324 306 -1 513 514
324 325 -1 514 553
325 306 -1 514 515
325 307 -1 515 516
325 326 -1 516 555
326 307 -1 516 517
326 308 -1 517 518
326 327 -1 518 557
327 308 -1 518 519
327 69 -1 519 520
327 68 -1 520 559
37 309 -1 521 522
37 328 -1 522 561
328 309 -1 522 523
328 310 -1 523 524
328 329 -1 524 563
329 310 -1 524 525
329 311 -1 525 526
329 330 -1 526 565
330 311 -1 526 527
330 312 -1 527 528
330 331 -1 528 567
331 312 -1 528 529
331 313 -1 529 530
331 332 -1 530 569
332 313 -1 530 531
332 314 -1 531 532
332 333 -1 532 571
333 314 -1 532 533
333 315 -1 533 534
333 334 -1 534 573
334 315 -1 534 535
334 316 -1 535 536
334 335 -1 536 575
335 316 -1 536 537
335 317 -1 537 538
335 336 -1 538 577
336 317 -1 538 539
336 318 -1 539 540
336 337 -1 540 579
337 318 -1 540 541
337 319 -1 541 542
337 338 -1 542 581
338 319 -1 542 543
338 320 -1 543 544
338 339 -1 544 583
339 320 -1 544 545
339 321 -1 545 546
339 340 -1 546 585
340 321 -1 546 547
340 322 -1 547 548
340 341 -1 548 587
341 322 -1 548 549
341 323 -1 549 550
341 342 -1 550 589
342 323 -1 550 551
342 324 -1 551 552
342 343 -1 552 591
343 324 -1 552 553
343 325 -1 553 554
343 344 -1 554 593
344 325 -1 554 555
344 326 -1 555 556
344 345 -1 556 595
345 326 -1 556 557
345 327 -1 557 558
345 346 -1 558 597
346 327 -1 558 559
346 68 -1 559 560
346 67 -1 560 599
38 328 -1 561 562
38 347 -1 562 601
347 328 -1 562 563
347 329 -1 563 564
347 348 -1 564 603
348 329 -1 564 565
348 330 -1 565 566
348 349 -1 566 605
349 330 -1 566 567
349 331 -1 567 568
349 350 -1 568 607
350 331 -1 568 569
350 332 -1 569 570
350 351 -1 570 609
351 332 -1 570 571
351 333 -1 571 572
351 352 -1 572 611
352 333 -1 572 573
352 334 -1 573 574
352 353 -1 574 613
353 334 -1 574 575
353 335 -1 575 576
353 354 -1 576 615
354 335 -1 576 577
354 336 -1 577 578
354 355 -1 578 617
355 336 -1 578 579
355 337 -1 579 580
355 356 -1 580 619
356 337 -1 580 581
356 338 -1 581 582
356 357 -1 582 621
357 338 -1 582 583
357 339 -1 583 584
357 358 -1 584 623
358 339 -1 584 585
358 340 -1 585 586
358 359 -1 586 625
359 340 -1 586 587
359 341 -1 587 588
359 360 -1 588 627
360 341 -1 588 589
360 342 -1 589 590
360 361 -1 590 629
361 342 -1 590 591
361 343 -1 591 592
361 362 -1 592 631
362 343 -1 592 593
362 344 -1 593 594
362 363 -1 594 633
363 344 -1 594 595
363 345 -1 595 596
363 364 -1 596 635
364 345 -1 596 597
364 346 -1 597 598
364 365 -1 598 637
365 346 -1 598 599
365 67 -1 599 600
365 66 -1 600 639
39 347 -1 601 602
39 366 -1 602 641
366 347 -1 602 603
366 348 -1 603 604
366 367 -1 604 643
367 348 -1 604 605
367 349 -1 605 606
367 368 -1 606 645
368 349 -1 606 607
368 350 -1 607 608
368 369 -1 608 647
369 350 -1 608 609
369 351 -1 609 610
369 370 -1 610 649
370 351 -1 610 611
370 352 -1 611 612
370 371 -1 612 651
371 352 -1 612 613
371 353 -1 613 614
371 372 -1 614 653
372 353 -1 614 615
372 354 -1 615 616
372 373 -1 616 655
373 354 -1 616 617
373 355 -1 617 618
373 374 -1 618 657
374 355 -1 618 619
374 356 -1 619 620
374 375 -1 620 659
375 356 -1 620 621
375 357 -1 621 622
375 376 -1 622 661
376 357 -1 622 623
376 358 -1 623 624
376 377 -1 624 663
377 358 -1 624 625
377 359 -1 625 626
377 378 -1 626 665
378 359 -1 626 627
378 360 -1 627 628
378 379 -1 628 667
379 360 -1 628 629
379 361 -1 629 630
379 380 -1 630 669
380 361 -1 630 631
380 362 -1 631 632
380 381 -1 632 671
381 362 -1 632 633
381 363 -1 633 634
381 382 -1 634 673
382 363 -1 634 635
382 364 -1 635 636
382 383 -1 636 675
383 364 -1 636 637
383 365 -1 637 638
383 384 -1 638 677
384 365 -1 638 639
384 66 -1 639 640
384 65 -1 640 679
40 366 -1 641 642
40 385 -1 642 681
385 366 -1 642 643
385 367 -1 643 644
385 386 -1 644 683
386 367 -1 644 645
386 368 -1 645 646
386 387 -1 646 685
387 368 -1 646 647
387 369 -1 647 648
387 388 -1 648 687
388 369 -1 648 649
388 370 -1 649 650
388 389 -1 650 689
389 370 -1 650 651
389 371 -1 651 652
389 390 -1 652 691
390 371 -1 652 653
390 372 -1 653 654
390 391 -1 654 693
391 372 -1 654 655
391 373 -1 655 656
391 392 -1 656 695
392 373 -1 656 657
392 374 -1 657 658
392 393 -1 658 697
393 374 -1 658 659
393 375 -1 659 660
393 394 -1 660 699
394 375 -1 660 661
394 376 -1 661 662
394 395 -1 662 701
395 376 -1 662 663
395 377 -1 663 664
395 396 -1 664 703
396 377 -1 664 665
396 378 -1 665 666
396 397 -1 666 705
397 378 -1 666 667
397 379 -1 667 668
397 398 -1 668 707
398 379 -1 668 669
398 380 -1 669 670
398 399 -1 670 709
399 380 -1 670 671
399 381 -1 671 672
399 400 -1 672 711
400 381 -1 672 673
400 382 -1 673 674
400 401 -1 674 713
401 382 -1 674 675
401 383 -1 675 676
401 402 -1 676 715
402 383 -1 676 677
402 384 -1 677 678
402 403 -1 678 717
403 384 -1 678 679
403 65 -1 679 680
403 64 -1 680 719
41 385 -1 681 682
41 404 -1 682 721
404 385 -1 682 683
404 386 -1 683 684
404 405 -1 684 723
405 386 -1 684 685
405 387 -1 685 686
405 406 -1 686 725
406 387 -1 686 687
406 388 -1 687 688
406 407 -1 688 727
407 388 -1 688 689
407 389 -1 689 690
407 408 -1 690 729
408 389 -1 690 691
408 390 -1 691 692
408 409 -1 692 731
409 390 -1 692 693
409 391 -1 693 694
409 410 -1 694 733
410 391 -1 694 695
410 392 -1 695 696
410 411 -1 696 735
411 392 -1 696 697
411 393 -1 697 698
411 412 -1 698 737
412 393 -1 698 699
412 394 -1 699 700
412 413 -1 700 739
413 394 -1 700 701
413 395 -1 701 702
413 414 -1 702 741
414 395 -1 702 703
414 396 -1 703 704
414 415 -1 704 743
415 396 -1 704 705
415 397 -1 705 706
415 416 -1 706 745
416 397 -1 706 707
416 398 -1 707 708
416 417 -1 708 747
417 398 -1 708 709
417 399 -1 709 710
417 418 -1 710 749
418 399 -1 710 711
418 400 -1 711 712
418 419 -1 712 751
419 400 -1 712 713
419 401 -1 713 714
419 420 -1 714 753
420 401 -1 714 715
420 402 -1 715 716
420 421 -1 716 755
421 402 -1 716 717
421 403 -1 717 718
421 422 -1 718 757
422 403 -1 718 719
422 64 -1 719 720
422 63 -1 720 759
42 404 -1 721 722
42 423 -1 722 761
423 404 -1 722 723
423 405 -1 723 724
423 424 -1 724 763
424 405 -1 724 725
424 406 -1 725 726
424 425 -1 726 765
425 406 -1 726 727
425 407 -1 727 728
425 426 -1 728 767
426 407 -1 728 729
426 408 -1 729 730
426 427 -1 730 769
427 408 -1 730 731
427 409 -1 731 732
427 428 -1 732 771
428 409 -1 732 733
428 410 -1 733 734
428 429 -1 734 773
429 410 -1 734 735
429 411 -1 735 736
429 430 -1 736 775
430 411 -1 736 737
430 412 -1 737 738
430 431 -1 738 777
431 412 -1 738 739
431 413 -1 739 740
431 432 -1 740 779
432 413 -1 740 741
432 414 -1 741 742
432 433 -1 742 781
433 414 -1 742 743
433 415 -1 743 744
433 434 -1 744 783
434 415 -1 744 745
434 416 -1 745 746
434 435 -1 746 785
435 416 -1 746 747
435 417 -1 747 748
435 436 -1 748 787
436 417 -1 748 749
436 418 -1 749 750
436 437 -1 750 789
437 418 -1 750 751
437 419 -1 751 752
437 438 -1 752 791
438 419 -1 752 753
438 420 -1 753 754
438 439 -1 754 793
439 420 -1 754 755
439 421 -1 755 756
439 440 -1 756 795
440 421 -1 756 757
440 422 -1 757 758
440 441 -1 758 797
441 422 -1 758 759
441 63 -1 759 760
441 62 -1 760 799
3 423 -1 761 762
43 423 -1 762 763
43 424 -1 763 764
44 424 -1 764 765
44 425 -1 765 766
45 425 -1 766 767
45 426 -1 767 768
46 426 -1 768 769
46 427 -1 769 770
47 427 -1 770 771
47 428 -1 771 772
48 428 -1 772 773
48 429 -1 773 774
49 429 -1 774 775
49 430 -1 775 776
50 430 -1 776 777
50 431 -1 777 778
51 431 -1 778 779
51 432 -1 779 780
52 432 -1 780 781
52 433 -1 781 782
53 433 -1 782 783
53 434 -1 783 784
54 434 -1 784 785
54 435 -1 785 786
55 435 -1 786 787
55 436 -1 787 788
56 436 -1 788 789
56 437 -1 789 790
57 437 -1 790 791
57 438 -1 791 792
58 438 -1 792 793
58 439 -1 793 794
59 439 -1 794 795
59 440 -1 795 796
60 440 -1 796 797
60 441 -1 797 798
61 441 -1 798 799
61 62 -1 799 800
