441
0.0 -0.0 0.0
0.0 1.0 0.0
1.0 1.0 0.0
1.0 -0.0 0.0
0.0 0.05 0.0
0.0 0.1 0.0
0.0 0.15 0.0
0.0 0.2 0.0
0.0 0.25 0.0
0.0 0.3 0.0
0.0 0.35 0.0
0.0 0.4 0.0
0.0 0.45 0.0
0.0 0.5 0.0
0.0 0.55 0.0
0.0 0.6000000000000001 0.0
0.0 0.65 0.0
0.0 0.7000000000000001 0.0
0.0 0.75 0.0
0.0 0.8 0.0
0.0 0.8500000000000001 0.0
0.0 0.9 0.0
0.0 0.9500000000000001 0.0
0.05 1.0 0.0
0.1 1.0 0.0
0.15 1.0 0.0
0.2 1.0 0.0
0.25 1.0 0.0
0.3 1.0 0.0
0.35 1.0 0.0
0.4 1.0 0.0
0.45 1.0 0.0
0.5 1.0 0.0
0.55 1.0 0.0
0.6000000000000001 1.0 0.0
0.65 1.0 0.0
0.7000000000000001 1.0 0.0
0.75 1.0 0.0
0.8 1.0 0.0
0.8500000000000001 1.0 0.0
0.9 1.0 0.0
0.9500000000000001 1.0 0.0
1.0 0.95 0.0
1.0 0.9 0.0
1.0 0.85 0.0
1.0 0.8 0.0
1.0 0.75 0.0
1.0 0.7 0.0
1.0 0.6499999999999999 0.0
1.0 0.6 0.0
1.0 0.55 0.0
1.0 0.5 0.0
1.0 0.45 0.0
1.0 0.3999999999999999 0.0
1.0 0.35 0.0
1.0 0.2999999999999999 0.0
1.0 0.25 0.0
1.0 0.2 0.0
1.0 0.1499999999999999 0.0
1.0 0.09999999999999998 0.0
1.0 0.04999999999999993 0.0
0.95 0.0 0.0
0.9 0.0 0.0
0.85 0.0 0.0
0.8 0.0 0.0
0.75 0.0 0.0
0.7 0.0 0.0
0.6499999999999999 0.0 0.0
0.6 0.0 0.0
0.55 0.0 0.0
0.5 0.0 0.0
0.45 0.0 0.0
0.3999999999999999 0.0 0.0
0.35 0.0 0.0
0.2999999999999999 0.0 0.0
0.25 0.0 0.0
0.2 0.0 0.0
0.1499999999999999 0.0 0.0
0.09999999999999998 0.0 0.0
0.04999999999999993 0.0 0.0
0.04999999999999999 0.95 0.0
0.04999999999999993 0.9 0.0
0.04999999999999993 0.8500000000000001 0.0
0.05000000000000004 0.8 0.0
0.04999999999999993 0.75 0.0
0.04999999999999993 0.7000000000000001 0.0
0.04999999999999993 0.65 0.0
0.04999999999999982 0.6000000000000001 0.0
0.04999999999999993 0.55 0.0
0.04999999999999993 0.5 0.0
0.04999999999999993 0.45 0.0
0.04999999999999993 0.4 0.0
0.04999999999999993 0.35 0.0
0.04999999999999993 0.3 0.0
0.04999999999999993 0.25 0.0
0.04999999999999993 0.2 0.0
0.04999999999999993 0.15 0.0
0.04999999999999993 0.09999999999999998 0.0
0.04999999999999988 0.04999999999999993 0.0
0.09999999999999998 0.9500000000000001 0.0
0.09999999999999998 0.9 0.0
0.1 0.8500000000000001 0.0
0.09999999999999998 0.8 0.0
0.09999999999999998 0.75 0.0
0.1000000000000001 0.7000000000000001 0.0
0.1000000000000001 0.65 0.0
0.09999999999999992 0.6000000000000001 0.0
0.09999999999999998 0.55 0.0
0.09999999999999998 0.5 0.0
0.09999999999999998 0.45 0.0
0.09999999999999998 0.4 0.0
0.1 0.35 0.0
0.1 0.3 0.0
0.09999999999999998 0.25 0.0
0.09999999999999998 0.2 0.0
0.09999999999999998 0.15 0.0
0.09999999999999998 0.09999999999999998 0.0
0.09999999999999998 0.04999999999999993 0.0
0.15 0.95 0.0
0.15 0.8999999999999999 0.0
0.15 0.8500000000000001 0.0
0.1499999999999999 0.8 0.0
0.15 0.75 0.0
0.1499999999999999 0.7 0.0
0.15 0.65 0.0
0.15 0.6000000000000001 0.0
0.1499999999999999 0.55 0.0
0.1499999999999999 0.5 0.0
0.1499999999999999 0.45 0.0
0.1499999999999999 0.4 0.0
0.1499999999999999 0.3500000000000001 0.0
0.1499999999999999 0.3 0.0
0.1499999999999999 0.25 0.0
0.1499999999999999 0.2 0.0
0.1499999999999999 0.15 0.0
0.1499999999999999 0.09999999999999998 0.0
0.1499999999999999 0.04999999999999993 0.0
0.2000000000000001 0.9500000000000001 0.0
0.2 0.9 0.0
0.2 0.8500000000000001 0.0
0.2 0.8 0.0
0.2 0.75 0.0
0.2000000000000001 0.7000000000000001 0.0
0.2 0.6499999999999999 0.0
0.2 0.6000000000000001 0.0
0.2 0.55 0.0
0.2 0.5 0.0
0.2 0.45 0.0
0.2 0.4 0.0
0.2 0.35 0.0
0.2 0.3 0.0
0.2 0.25 0.0
0.2 0.2 0.0
0.2 0.15 0.0
0.2 0.09999999999999998 0.0
0.2 0.04999999999999993 0.0
0.25 0.9500000000000001 0.0
0.2500000000000001 0.9 0.0
0.2500000000000001 0.8500000000000001 0.0
0.2500000000000001 0.8 0.0
0.25 0.75 0.0
0.25 0.7000000000000001 0.0
0.25 0.65 0.0
0.25 0.6000000000000001 0.0
0.25 0.55 0.0
0.25 0.5 0.0
0.25 0.45 0.0
0.25 0.4 0.0
0.25 0.3500000000000001 0.0
0.25 0.3 0.0
0.25 0.25 0.0
0.2500000000000001 0.2 0.0
0.25 0.15 0.0
0.2500000000000001 0.09999999999999998 0.0
0.25 0.04999999999999988 0.0
0.3 0.9500000000000001 0.0
0.3 0.8999999999999999 0.0
0.3 0.8500000000000001 0.0
0.3 0.8 0.0
0.3 0.75 0.0
0.3 0.7000000000000001 0.0
0.3 0.65 0.0
0.3 0.6000000000000001 0.0
0.3 0.55 0.0
0.3 0.5 0.0
0.3 0.45 0.0
0.3 0.4 0.0
0.3 0.35 0.0
0.3 0.3 0.0
0.2999999999999999 0.25 0.0
0.2999999999999999 0.2 0.0
0.2999999999999999 0.15 0.0
0.2999999999999999 0.09999999999999998 0.0
0.2999999999999999 0.04999999999999993 0.0
0.35 0.95 0.0
0.35 0.9 0.0
0.35 0.8500000000000001 0.0
0.3500000000000001 0.8 0.0
0.3500000000000001 0.75 0.0
0.3500000000000001 0.7000000000000001 0.0
0.3500000000000001 0.6499999999999999 0.0
0.35 0.6000000000000001 0.0
0.35 0.55 0.0
0.35 0.5 0.0
0.35 0.45 0.0
0.35 0.4 0.0
0.35 0.35 0.0
0.35 0.3 0.0
0.35 0.25 0.0
0.35 0.2 0.0
0.35 0.15 0.0
0.35 0.1 0.0
0.35 0.04999999999999993 0.0
0.4 0.9500000000000001 0.0
0.4 0.9000000000000001 0.0
0.4 0.8500000000000001 0.0
0.4 0.8 0.0
0.4 0.75 0.0
0.4 0.7 0.0
0.4 0.6499999999999999 0.0
0.4 0.6000000000000001 0.0
0.4 0.55 0.0
0.4 0.5 0.0
0.4 0.45 0.0
0.4 0.4 0.0
0.3999999999999999 0.35 0.0
0.4 0.3 0.0
0.4 0.25 0.0
0.3999999999999999 0.2 0.0
0.3999999999999999 0.15 0.0
0.3999999999999999 0.09999999999999998 0.0
0.3999999999999999 0.04999999999999993 0.0
0.45 0.95 0.0
0.45 0.9 0.0
0.45 0.8500000000000001 0.0
0.45 0.8 0.0
0.45 0.75 0.0
0.45 0.7000000000000001 0.0
0.45 0.65 0.0
0.45 0.6000000000000001 0.0
0.45 0.55 0.0
0.45 0.5 0.0
0.45 0.45 0.0
0.45 0.4 0.0
0.45 0.35 0.0
0.45 0.3 0.0
0.45 0.25 0.0
0.45 0.2 0.0
0.45 0.15 0.0
0.45 0.09999999999999998 0.0
0.45 0.04999999999999993 0.0
0.5 0.9500000000000001 0.0
0.5 0.9 0.0
0.5 0.8500000000000001 0.0
0.5 0.8 0.0
0.5 0.75 0.0
0.5 0.7 0.0
0.5 0.65 0.0
0.5 0.6000000000000001 0.0
0.5 0.55 0.0
0.5 0.5 0.0
0.5 0.45 0.0
0.5 0.4 0.0
0.5 0.35 0.0
0.5 0.3 0.0
0.5 0.25 0.0
0.5 0.2 0.0
0.5 0.1499999999999999 0.0
0.5 0.09999999999999998 0.0
0.5 0.04999999999999993 0.0
0.55 0.95 0.0
0.55 0.9 0.0
0.55 0.8500000000000001 0.0
0.55 0.8 0.0
0.55 0.75 0.0
0.55 0.7000000000000001 0.0
0.55 0.65 0.0
0.55 0.6000000000000001 0.0
0.55 0.55 0.0
0.55 0.5 0.0
0.55 0.45 0.0
0.55 0.4 0.0
0.55 0.35 0.0
0.55 0.3 0.0
0.5499999999999999 0.25 0.0
0.55 0.2 0.0
0.55 0.1499999999999999 0.0
0.55 0.09999999999999998 0.0
0.55 0.04999999999999993 0.0
0.6000000000000001 0.9500000000000001 0.0
0.6000000000000001 0.8999999999999999 0.0
0.6000000000000001 0.8500000000000001 0.0
0.6000000000000001 0.8 0.0
0.6000000000000001 0.75 0.0
0.6000000000000001 0.7 0.0
0.6000000000000001 0.65 0.0
0.6 0.6000000000000001 0.0
0.6000000000000001 0.55 0.0
0.6000000000000001 0.5 0.0
0.6000000000000001 0.45 0.0
0.6000000000000001 0.4 0.0
0.6 0.35 0.0
0.6 0.3 0.0
0.6000000000000001 0.25 0.0
0.6 0.2 0.0
0.6 0.1499999999999999 0.0
0.6 0.09999999999999998 0.0
0.6 0.04999999999999993 0.0
0.65 0.95 0.0
0.65 0.8999999999999999 0.0
0.65 0.8500000000000001 0.0
0.65 0.8 0.0
0.65 0.75 0.0
0.65 0.7 0.0
0.65 0.65 0.0
0.65 0.6 0.0
0.65 0.55 0.0
0.65 0.5 0.0
0.65 0.45 0.0
0.65 0.4 0.0
0.6499999999999999 0.35 0.0
0.6499999999999999 0.2999999999999999 0.0
0.6499999999999999 0.25 0.0
0.65 0.2 0.0
0.6499999999999999 0.1499999999999999 0.0
0.65 0.09999999999999998 0.0
0.6499999999999999 0.04999999999999993 0.0
0.7000000000000001 0.9500000000000001 0.0
0.7000000000000001 0.8999999999999999 0.0
0.7 0.8500000000000001 0.0
0.7000000000000001 0.8 0.0
0.7000000000000001 0.75 0.0
0.7000000000000001 0.7 0.0
0.7000000000000001 0.65 0.0
0.7 0.6 0.0
0.7 0.55 0.0
0.7 0.5 0.0
0.7 0.45 0.0
0.7 0.3999999999999999 0.0
0.7 0.35 0.0
0.7 0.2999999999999999 0.0
0.7 0.25 0.0
0.7 0.2 0.0
0.7 0.1499999999999999 0.0
0.7 0.09999999999999998 0.0
0.7 0.04999999999999993 0.0
0.75 0.95 0.0
0.75 0.9 0.0
0.75 0.8500000000000001 0.0
0.75 0.7999999999999999 0.0
0.75 0.75 0.0
0.75 0.7 0.0
0.75 0.65 0.0
0.75 0.6 0.0
0.75 0.55 0.0
0.75 0.5 0.0
0.75 0.45 0.0
0.75 0.3999999999999999 0.0
0.75 0.35 0.0
0.75 0.2999999999999999 0.0
0.75 0.25 0.0
0.75 0.2 0.0
0.75 0.1499999999999999 0.0
0.75 0.09999999999999998 0.0
0.75 0.04999999999999993 0.0
0.8 0.9500000000000001 0.0
0.8 0.9 0.0
0.8000000000000002 0.85 0.0
0.7999999999999999 0.7999999999999999 0.0
0.8 0.75 0.0
0.7999999999999999 0.7 0.0
0.8 0.65 0.0
0.8 0.6 0.0
0.8 0.5499999999999999 0.0
0.8 0.5 0.0
0.8 0.45 0.0
0.8 0.3999999999999999 0.0
0.8 0.35 0.0
0.8 0.2999999999999999 0.0
0.8 0.25 0.0
0.8 0.2 0.0
0.8 0.1499999999999999 0.0
0.8 0.09999999999999998 0.0
0.8 0.04999999999999993 0.0
0.8499999999999999 0.95 0.0
0.8500000000000002 0.9 0.0
0.8500000000000001 0.85 0.0
0.85 0.7999999999999999 0.0
0.8500000000000001 0.75 0.0
0.8500000000000001 0.7 0.0
0.8500000000000001 0.65 0.0
0.8500000000000001 0.6 0.0
0.8500000000000001 0.55 0.0
0.8500000000000001 0.5 0.0
0.85 0.45 0.0
0.8500000000000001 0.3999999999999999 0.0
0.8500000000000001 0.35 0.0
0.85 0.2999999999999999 0.0
0.85 0.25 0.0
0.85 0.2 0.0
0.85 0.1499999999999999 0.0
0.8500000000000001 0.09999999999999998 0.0
0.85 0.04999999999999993 0.0
0.9000000000000001 0.95 0.0
0.9000000000000001 0.9 0.0
0.8999999999999999 0.8500000000000001 0.0
0.9 0.7999999999999999 0.0
0.9 0.75 0.0
0.9 0.7 0.0
0.9000000000000001 0.65 0.0
0.9 0.6 0.0
0.8999999999999999 0.55 0.0
0.8999999999999999 0.5 0.0
0.8999999999999999 0.45 0.0
0.8999999999999999 0.3999999999999999 0.0
0.9 0.35 0.0
0.9 0.2999999999999999 0.0
0.9 0.25 0.0
0.9 0.2 0.0
0.9 0.1499999999999999 0.0
0.9 0.09999999999999998 0.0
0.9 0.04999999999999993 0.0
0.95 0.95 0.0
0.9500000000000001 0.9 0.0
0.9500000000000001 0.85 0.0
0.9500000000000001 0.7999999999999999 0.0
0.9500000000000001 0.75 0.0
0.95 0.7 0.0
0.95 0.65 0.0
0.95 0.6 0.0
0.9500000000000001 0.55 0.0
0.9500000000000001 0.5 0.0
0.9500000000000002 0.45 0.0
0.95 0.3999999999999999 0.0
0.95 0.35 0.0
0.9500000000000001 0.2999999999999999 0.0
0.9500000000000001 0.25 0.0
0.95 0.2 0.0
0.9500000000000002 0.1499999999999999 0.0
0.95 0.09999999999999998 0.0
0.95 0.04999999999999993 0.0
